        1         1         0  0.707107  0.894427         0         0         0         0         0         0         0        0         0         0   --->    0
        0         0         1  0.707107  0.447214         0         0         0         0         0         0         0        0         0         0   --->    0
       -1         0         0         0         0         1 -0.707107         0  0.707107         0         0         0        0         0         0   --->    0
        0         0         0         0         0         0  0.707107         1  0.707107         0         0         0        0         0         0   --->    5
        0        -1         0         0         0        -1         0         0         0 -0.894427 -0.707107         0        0         0         0   --->  -10
        0         0         0         0         0         0         0         0         0  0.447214  0.707107         1        0         0         0   --->    5
        0         0         0         0         0         0  0.707107         0         0  0.894427         0         0        1         1         0   --->    0
        0         0        -1         0         0         0 -0.707107         0         0 -0.447214         0         0        0         0         0   --->    0
        0         0         0 -0.707107         0         0         0         0         0         0  0.707107         0       -1         0         1   --->    0
        0         0         0 -0.707107         0         0         0        -1         0         0 -0.707107         0        0         0         0   --->    0
        0         0         0         0 -0.894427         0         0         0 -0.707107         0         0         0        0        -1        -1   --->    0
        0         0         0         0 -0.447214         0         0         0 -0.707107         0         0        -1        0         0         0   --->    0

         1.01333e+016
                    0
         3.81128e+015
         3.55073e+015
        -1.41365e+016
         7.62256e+015
                    0 7
        -2.51074e+015 8
         3.55073e+015 9
        -8.52229e+015 10
                    0 11
         3.81128e+015
        -2.51074e+015
         1.01333e+016
                    0